# cline: mcl /home/mcoronado/3_OrthoFinder/set_a/OrthoFinder/Results_Feb12/WorkingDirectory/OrthoFinder_graph.txt "-I" "1.2" "-o" "/home/mcoronado/3_OrthoFinder/set_a/OrthoFinder/Results_Feb12/WorkingDirectory/clusters_OrthoFinder_I1.2.txt" "-te" "1" "-V" "all"
(mclheader
mcltype matrix
dimensions 828x343
)
(mclmatrix
begin
0   28 107 171 236 288 295 299 321 407 420 430 442 454 485 533 553 560
      583 618 625 627 632 648 661 692 732 749 751 752 782 $
1   5 125 289 292 347 381 405 406 425 476 479 480 501 521 575 673 759 $
2   11 21 35 37 43 55 77 98 142 197 271 291 309 329 376 506 $
3   69 159 324 409 422 497 680 726 783 799 $
4   112 135 294 358 617 640 700 703 $
5   387 389 391 392 394 825 826 $
6   214 300 451 469 551 584 $
7   250 396 448 613 643 714 $
8   1 164 426 438 772 $
9   15 62 341 556 587 $
10  116 179 410 419 745 $
11  120 427 526 576 716 $
12  188 211 231 491 585 $
13  192 253 475 668 719 $
14  204 259 472 691 747 $
15  68 326 522 599 $
16  335 635 710 731 $
17  388 390 823 827 $
18  30 683 760 $
19  42 518 813 $
20  50 550 592 $
21  72 330 697 $
22  74 111 771 $
23  83 542 705 $
24  93 114 356 $
25  95 489 770 $
26  97 639 681 $
27  115 301 665 $
28  121 416 580 $
29  129 565 682 $
30  133 597 804 $
31  134 187 464 $
32  150 524 767 $
33  151 342 586 $
34  169 373 753 $
35  180 557 795 $
36  201 277 566 $
37  212 346 525 $
38  219 504 536 $
39  242 414 573 $
40  243 670 690 $
41  249 450 616 $
42  255 463 624 $
43  260 445 742 $
44  261 594 738 $
45  269 687 769 $
46  280 404 628 $
47  293 528 571 $
48  302 570 720 $
49  319 540 808 $
50  322 779 798 $
51  361 660 702 $
52  371 638 766 $
53  0 741 $
54  2 493 $
55  3 756 $
56  4 721 $
57  6 591 $
58  7 748 $
59  8 636 $
60  9 508 $
61  10 763 $
62  12 810 $
63  13 477 $
64  14 713 $
65  16 513 $
66  17 750 $
67  18 400 $
68  19 574 $
69  20 507 $
70  22 452 $
71  23 478 $
72  24 786 $
73  25 401 $
74  26 568 $
75  27 465 $
76  29 473 $
77  31 610 $
78  32 744 $
79  33 793 $
80  34 801 $
81  36 642 $
82  38 814 $
83  39 593 $
84  40 606 $
85  41 511 $
86  44 398 $
87  45 815 $
88  46 519 $
89  47 523 $
90  48 554 $
91  49 761 $
92  51 662 $
93  52 541 $
94  53 395 $
95  54 418 $
96  56 421 $
97  57 402 $
98  58 704 $
99  59 737 $
100 60 488 $
101 61 470 $
102 63 626 $
103 64 758 $
104 65 797 $
105 66 558 $
106 67 458 $
107 70 495 $
108 71 596 $
109 73 417 $
110 75 820 $
111 76 612 $
112 78 671 $
113 79 677 $
114 80 446 $
115 81 563 $
116 82 718 $
117 84 559 $
118 85 658 $
119 86 496 $
120 87 492 $
121 88 623 $
122 89 647 $
123 90 743 $
124 91 746 $
125 92 413 $
126 94 792 $
127 96 607 $
128 99 434 $
129 100 637 $
130 101 688 $
131 102 412 $
132 103 777 $
133 104 546 $
134 105 676 $
135 106 655 $
136 108 487 $
137 109 471 $
138 110 433 $
139 113 579 $
140 117 611 $
141 118 552 $
142 119 531 $
143 122 791 $
144 123 505 $
145 124 411 $
146 126 646 $
147 127 774 $
148 128 678 $
149 130 768 $
150 131 486 $
151 132 755 $
152 136 818 $
153 137 598 $
154 138 600 $
155 139 429 $
156 140 589 $
157 141 809 $
158 143 725 $
159 144 629 $
160 145 474 $
161 146 674 $
162 147 603 $
163 148 667 $
164 149 764 $
165 152 455 $
166 153 728 $
167 154 706 $
168 155 622 $
169 156 545 $
170 157 509 $
171 158 686 $
172 160 684 $
173 161 481 $
174 162 800 $
175 163 620 $
176 165 664 $
177 166 641 $
178 167 484 $
179 168 415 $
180 170 432 $
181 172 754 $
182 173 503 $
183 174 698 $
184 175 663 $
185 176 514 $
186 177 561 $
187 178 775 $
188 181 604 $
189 182 431 $
190 183 549 $
191 184 785 $
192 185 548 $
193 186 711 $
194 190 601 $
195 191 436 $
196 193 778 $
197 194 516 $
198 195 693 $
199 196 780 $
200 198 527 $
201 199 459 $
202 200 555 $
203 202 695 $
204 203 578 $
205 205 736 $
206 206 439 $
207 207 399 $
208 208 595 $
209 209 534 $
210 210 817 $
211 213 727 $
212 215 562 $
213 216 807 $
214 217 649 $
215 218 689 $
216 220 466 $
217 221 529 $
218 222 512 $
219 223 740 $
220 224 460 $
221 225 707 $
222 226 602 $
223 227 781 $
224 228 790 $
225 229 435 $
226 230 787 $
227 232 722 $
228 233 659 $
229 234 502 $
230 235 443 $
231 237 709 $
232 238 621 $
233 239 608 $
234 240 802 $
235 241 500 $
236 244 806 $
237 245 588 $
238 246 679 $
239 247 675 $
240 248 510 $
241 251 735 $
242 252 694 $
243 254 530 $
244 256 685 $
245 257 467 $
246 258 605 $
247 262 535 $
248 263 762 $
249 264 794 $
250 265 717 $
251 266 453 $
252 267 468 $
253 268 811 $
254 270 821 $
255 272 696 $
256 273 776 $
257 274 631 $
258 275 456 $
259 276 515 $
260 278 572 $
261 279 757 $
262 281 653 $
263 282 547 $
264 283 701 $
265 284 730 $
266 285 403 $
267 286 397 $
268 287 538 $
269 290 609 $
270 296 408 $
271 297 444 $
272 298 788 $
273 303 657 $
274 304 708 $
275 305 773 $
276 306 784 $
277 307 656 $
278 308 765 $
279 310 581 $
280 311 819 $
281 312 796 $
282 313 645 $
283 314 734 $
284 315 650 $
285 316 630 $
286 317 441 $
287 318 715 $
288 320 789 $
289 323 482 $
290 325 447 $
291 327 537 $
292 328 544 $
293 331 428 $
294 332 449 $
295 333 634 $
296 334 457 $
297 336 699 $
298 337 812 $
299 338 619 $
300 339 567 $
301 340 816 $
302 343 437 $
303 344 494 $
304 345 520 $
305 348 577 $
306 349 490 $
307 350 712 $
308 351 739 $
309 352 614 $
310 353 805 $
311 354 582 $
312 355 532 $
313 357 724 $
314 359 440 $
315 360 543 $
316 362 590 $
317 363 498 $
318 364 822 $
319 365 654 $
320 366 672 $
321 367 651 $
322 368 733 $
323 369 652 $
324 370 539 $
325 372 564 $
326 374 424 $
327 375 569 $
328 377 461 $
329 378 517 $
330 379 423 $
331 380 615 $
332 382 803 $
333 383 723 $
334 384 669 $
335 385 462 $
336 386 644 $
337 393 824 $
338 483 499 $
339 189 $
340 633 $
341 666 $
342 729 $
)
