# cline: mcl /home/mcoronado/3_OrthoFinder/set_b/OrthoFinder/Results_Feb12/WorkingDirectory/OrthoFinder_graph.txt "-I" "1.2" "-o" "/home/mcoronado/3_OrthoFinder/set_b/OrthoFinder/Results_Feb12/WorkingDirectory/clusters_OrthoFinder_I1.2.txt" "-te" "1" "-V" "all"
(mclheader
mcltype matrix
dimensions 1178x379
)
(mclmatrix
begin
0    5 121 125 191 204 259 289 292 347 381 405 406 416 425 436 472
       476 479 480 501 521 575 580 673 691 747 759 1007 $
1    236 280 299 321 404 407 420 430 442 454 533 560 625 627 628 632
       648 692 749 849 977 990 $
2    11 21 35 37 43 55 77 98 142 197 271 291 309 329 376 506 $
3    28 107 171 295 485 553 618 661 732 751 752 782 956 1053 $
4    112 135 294 358 617 640 700 703 904 906 1145 1150 $
5    69 159 324 409 422 497 680 726 783 799 1135 $
6    188 211 231 491 585 871 941 967 983 999 1092 $
7    387 389 391 392 394 825 826 865 879 1134 1151 $
8    15 62 293 341 528 556 571 587 1020 $
9    192 253 475 668 719 1019 1073 1094 $
10   214 300 451 469 551 584 1075 1114 $
11   72 158 330 686 697 995 1165 $
12   116 179 410 419 745 828 889 $
13   1 164 426 438 772 1039 $
14   44 398 942 1071 1137 1148 $
15   68 326 522 599 1037 1110 $
16   88 623 953 989 1032 1057 $
17   238 355 532 621 965 972 $
18   250 396 448 613 643 714 $
19   56 421 841 848 982 $
20   93 114 356 851 934 $
21   120 427 526 576 716 $
22   288 583 864 890 897 $
23   335 635 710 731 984 $
24   388 390 823 827 861 $
25   42 518 813 1036 $
26   48 554 895 1126 $
27   50 550 592 1065 $
28   74 111 771 981 $
29   97 639 681 985 $
30   103 777 917 1093 $
31   115 301 665 1128 $
32   129 565 682 1087 $
33   131 486 866 905 $
34   133 597 804 875 $
35   134 187 464 1136 $
36   151 342 586 935 $
37   161 481 901 1027 $
38   169 373 753 1127 $
39   176 514 914 1076 $
40   201 277 566 997 $
41   212 346 525 853 $
42   242 414 573 1138 $
43   243 670 690 1122 $
44   249 450 616 1108 $
45   255 463 624 1014 $
46   296 408 883 1051 $
47   302 570 720 1140 $
48   319 540 808 1101 $
49   338 619 948 1041 $
50   361 660 702 927 $
51   0 741 1023 $
52   2 493 947 $
53   3 756 962 $
54   4 721 1080 $
55   6 591 1040 $
56   7 748 902 $
57   8 636 894 $
58   9 508 1064 $
59   10 763 1029 $
60   12 810 980 $
61   13 477 1000 $
62   14 713 1169 $
63   16 513 1162 $
64   17 750 1171 $
65   19 574 1116 $
66   20 507 911 $
67   22 452 986 $
68   23 478 880 $
69   25 401 1003 $
70   26 568 979 $
71   27 465 969 $
72   29 473 1173 $
73   30 683 760 $
74   31 610 918 $
75   33 793 1177 $
76   34 801 877 $
77   36 642 937 $
78   40 606 991 $
79   41 511 1149 $
80   45 815 829 $
81   49 761 1066 $
82   51 662 938 $
83   53 395 852 $
84   58 704 830 $
85   60 488 1113 $
86   61 470 834 $
87   63 626 970 $
88   64 758 855 $
89   65 797 1109 $
90   66 558 939 $
91   67 458 1043 $
92   71 596 943 $
93   73 417 882 $
94   75 820 932 $
95   78 671 1042 $
96   80 446 1120 $
97   81 563 1147 $
98   82 718 1049 $
99   83 542 705 $
100  85 658 930 $
101  86 496 1004 $
102  87 492 878 $
103  89 647 1002 $
104  90 743 1130 $
105  91 746 926 $
106  92 413 949 $
107  95 489 770 $
108  96 607 1164 $
109  99 434 1104 $
110  100 637 921 $
111  102 412 1028 $
112  104 546 868 $
113  105 676 1015 $
114  106 655 1163 $
115  108 487 960 $
116  110 433 840 $
117  113 579 844 $
118  117 611 846 $
119  119 531 899 $
120  122 791 1012 $
121  123 505 909 $
122  124 411 1175 $
123  126 646 839 $
124  127 774 1144 $
125  128 678 1143 $
126  130 768 1070 $
127  136 818 1133 $
128  137 598 1160 $
129  138 600 1035 $
130  140 589 964 $
131  141 809 1155 $
132  143 725 1069 $
133  144 629 835 $
134  145 474 1054 $
135  146 674 863 $
136  147 603 1067 $
137  148 667 1074 $
138  150 524 767 $
139  152 455 1056 $
140  153 728 1077 $
141  155 622 913 $
142  156 545 1159 $
143  157 509 944 $
144  160 684 1100 $
145  162 800 1018 $
146  163 620 946 $
147  165 664 950 $
148  166 641 1129 $
149  167 484 1090 $
150  168 415 961 $
151  170 432 1115 $
152  172 754 1157 $
153  173 503 859 $
154  177 561 936 $
155  178 775 975 $
156  180 557 795 $
157  181 604 856 $
158  182 431 850 $
159  184 785 907 $
160  185 548 860 $
161  186 711 1107 $
162  190 601 1078 $
163  193 778 1082 $
164  194 516 919 $
165  195 693 1105 $
166  196 780 974 $
167  198 527 1059 $
168  199 459 1168 $
169  200 555 1174 $
170  202 695 857 $
171  203 578 971 $
172  205 736 1156 $
173  206 439 940 $
174  207 399 1146 $
175  208 595 1170 $
176  209 534 1033 $
177  210 817 951 $
178  215 562 1111 $
179  217 649 843 $
180  218 689 876 $
181  219 504 536 $
182  220 466 858 $
183  221 529 887 $
184  222 512 1046 $
185  223 740 1112 $
186  224 460 1167 $
187  225 707 1005 $
188  226 602 1030 $
189  227 781 1118 $
190  228 790 920 $
191  229 435 1091 $
192  230 787 1176 $
193  232 722 1001 $
194  233 659 1081 $
195  234 502 869 $
196  235 443 845 $
197  237 709 1031 $
198  239 608 831 $
199  240 802 836 $
200  241 500 891 $
201  244 806 933 $
202  246 679 838 $
203  248 510 916 $
204  252 694 915 $
205  254 530 1038 $
206  256 685 1119 $
207  257 467 893 $
208  258 605 1153 $
209  260 445 742 $
210  261 594 738 $
211  262 535 1006 $
212  263 762 874 $
213  264 794 884 $
214  265 717 1121 $
215  266 453 1008 $
216  267 468 987 $
217  269 687 769 $
218  270 821 978 $
219  273 776 1072 $
220  274 631 888 $
221  275 456 873 $
222  276 515 1088 $
223  278 572 1123 $
224  279 757 885 $
225  282 547 1011 $
226  284 730 1132 $
227  285 403 928 $
228  286 397 1050 $
229  287 538 923 $
230  297 444 957 $
231  303 657 1060 $
232  306 784 992 $
233  308 765 892 $
234  310 581 966 $
235  311 819 1010 $
236  312 796 1172 $
237  313 645 958 $
238  314 734 1017 $
239  315 650 1063 $
240  316 630 1152 $
241  317 441 1083 $
242  322 779 798 $
243  323 482 1058 $
244  325 447 996 $
245  328 544 988 $
246  331 428 1117 $
247  332 449 1045 $
248  333 634 854 $
249  334 457 1131 $
250  336 699 1068 $
251  337 812 954 $
252  339 567 886 $
253  340 816 1166 $
254  343 437 1061 $
255  344 494 832 $
256  345 520 1161 $
257  349 490 994 $
258  351 739 1079 $
259  353 805 870 $
260  354 582 1124 $
261  357 724 1085 $
262  359 440 1013 $
263  362 590 1158 $
264  364 822 847 $
265  365 654 872 $
266  366 672 862 $
267  367 651 1098 $
268  368 733 993 $
269  369 652 973 $
270  370 539 963 $
271  371 638 766 $
272  372 564 1154 $
273  375 569 1141 $
274  377 461 1055 $
275  378 517 1048 $
276  379 423 924 $
277  380 615 908 $
278  382 803 1009 $
279  383 723 925 $
280  384 669 833 $
281  385 462 1016 $
282  386 644 1044 $
283  18 400 $
284  24 786 $
285  32 744 $
286  38 814 $
287  39 593 $
288  46 519 $
289  47 523 $
290  52 541 $
291  54 418 $
292  57 402 $
293  59 737 $
294  70 495 $
295  76 612 $
296  79 677 $
297  84 559 $
298  94 792 $
299  101 688 $
300  109 471 $
301  118 552 $
302  132 755 $
303  139 429 $
304  149 764 $
305  154 706 $
306  174 698 $
307  175 663 $
308  183 549 $
309  213 727 $
310  216 807 $
311  245 588 $
312  247 675 $
313  251 735 $
314  268 811 $
315  272 696 $
316  281 653 $
317  283 701 $
318  290 609 $
319  298 788 $
320  304 708 $
321  305 773 $
322  307 656 $
323  318 715 $
324  320 789 $
325  327 537 $
326  348 577 $
327  350 712 $
328  352 614 $
329  360 543 $
330  363 498 $
331  374 424 $
332  393 824 $
333  483 499 $
334  633 1034 $
335  189 $
336  666 $
337  729 $
338  837 $
339  842 $
340  867 $
341  881 $
342  896 $
343  898 $
344  900 $
345  903 $
346  910 $
347  912 $
348  922 $
349  929 $
350  931 $
351  945 $
352  952 $
353  955 $
354  959 $
355  968 $
356  976 $
357  998 $
358  1021 $
359  1022 $
360  1024 $
361  1025 $
362  1026 $
363  1047 $
364  1052 $
365  1062 $
366  1084 $
367  1086 $
368  1089 $
369  1095 $
370  1096 $
371  1097 $
372  1099 $
373  1102 $
374  1103 $
375  1106 $
376  1125 $
377  1139 $
378  1142 $
)
